0 0.3383768913342503 0.04157114473483112 0.038514442916093614 0.03912578327984105
0 0.3012379642365887 0.14427632584441386 0.06052269601100413 0.06847012073972182
0 0.4167812929848694 0.04523918691731622 0.03576341127922973 0.05624331346477151
0 0.43947730398899587 0.34357328442610424 0.03438789546079775 0.06602475928473175
0 0.4752407152682256 0.40837536298334093 0.031636863823933936 0.0635793978297417
0 0.6121045392022009 0.09903713892709766 0.03026134800550203 0.04646186764481125
0 0.74828060522696 0.09659177747210759 0.02475928473177447 0.05135259055479138
0 0.7427785419532325 0.19318355494421519 0.024759284731774328 0.05379795200978144
0 0.37482806052269596 0.667583677212288 0.03988995873452545 0.06357939782974163
0 0.3975240715268225 0.8326455754241173 0.055020632737276504 0.09536909674461241
0 0.5233837689133425 0.965917774721076 0.03438789546079782 0.05379795200978151
0 0.6698762035763411 0.8619899128839983 0.04676753782668499 0.06602475928473182
0 0.779229711141678 0.7727342197768607 0.03713892709766171 0.07825156655968214
0 0.9491059147180192 0.4316062968057466 0.04126547455295736 0.05624331346477149
0 0.9325997248968363 0.23230933822405625 0.04126547455295736 0.0489072290998013
0 0.9305364511691885 0.3056701818737582 0.031636863823933936 0.05379795200978141
0 0.6354883081155432 0.4340516582607367 0.04126547455295729 0.07091548219471186
0 0.5006877579092159 0.5233073513678741 0.03576341127922973 0.06357939782974163
0 0.27166437414030264 0.5550970502827449 0.03988995873452545 0.06357939782974163
0 0.8397524071526823 0.7274950328595446 0.031636863823933936 0.07580620510469202
