0 0.4786795048143054 0.13327219929695858 0.03026134800550203 0.03668042182485099
0 0.4436038514442916 0.21274644658413572 0.02063273727647868 0.08803301237964234
0 0.49381017881705636 0.18707015130674 0.01650618982118303 0.03668042182485099
0 0.48486932599724897 0.24698150695399662 0.017881705639614866 0.03912578327984104
0 0.548143053645117 0.22619593458658108 0.023383768913342495 0.10515054256457286
0 0.5976616231086657 0.2054103622191655 0.017881705639614866 0.044016506189821204
0 0.5900962861072903 0.2714351215038973 0.016506189821182887 0.03912578327984107
0 0.6341127922971114 0.21396912731163073 0.022008253094910515 0.041571144734831124
0 0.6306740027510317 0.27754852514137246 0.023383768913342637 0.04157114473483116
0 0.484869325997249 0.4132660858933211 0.12517193947730404 0.11737734983952315
0 0.6114167812929848 0.45239186917316215 0.11691884456671253 0.10759590401956289
0 0.3940852819807428 0.5807733455601406 0.05914718019257229 0.16872994039431446
0 0.42434662998624484 0.5661011768302002 0.026134800550206307 0.11493198838453296
0 0.4649243466299863 0.5367568393703194 0.01925722145804684 0.04646186764481129
0 0.45185694635488305 0.6174537673849916 0.017881705639614793 0.05135259055479139
0 0.5006877579092159 0.5868867491976159 0.0302613480055021 0.1271587956594834
0 0.546079779917469 0.5599877731927251 0.022008253094910585 0.04890722909980127
0 0.5804676753782668 0.5746599419226655 0.019257221458046772 0.048907229099801344
0 0.5667125171939478 0.6504661470273575 0.019257221458046772 0.048907229099801344
0 0.38239339752407153 0.8204187681491671 0.13204951856946356 0.14916704875439407
0 0.5110041265474553 0.8998930154363441 0.08390646492434663 0.13694024147944375
