0 0.14580467675378267 0.3839217484334403 0.04126547455295736 0.08314228946966225
0 0.3136176066024759 0.4340516582607367 0.027510316368638252 0.061134036374751656
0 0.5089408528198074 0.29955677823628307 0.02475928473177447 0.051352590554791425
0 0.5006877579092159 0.35946813388353965 0.016506189821182887 0.03912578327984107
0 0.6609353507565336 0.08925569310713738 0.028885832187070123 0.03668042182485098
0 0.8865199449793673 0.19929695858169033 0.023383768913342495 0.03668042182485099
0 0.9429160935350757 0.2567629527739569 0.023383768913342495 0.03912578327984104
0 0.8280605226960112 0.5012990982729635 0.038514442916093544 0.0635793978297417
0 0.6836313617606602 0.704264099037139 0.04126547455295736 0.06357939782974156
0 0.6203576341127923 0.7776249426868409 0.0302613480055021 0.048907229099801414
0 0.4023383768913342 0.853431147791533 0.03713892709766156 0.04890722909980127
