0 0.12723521320495185 0.06847012073972185 0.045392022008253076 0.048907229099801316
0 0.04401650618982119 0.2298639767690662 0.04126547455295736 0.07825156655968211
0 0.25171939477303984 0.06847012073972185 0.04951856946354884 0.0929237352896225
0 0.2977991746905089 0.24820418768149166 0.05364511691884459 0.07091548219471189
0 0.4436038514442916 0.1723979825767996 0.09491059147180195 0.07091548219471192
0 0.5914718019257222 0.15405777166437415 0.06327372764786794 0.0635793978297417
0 0.8844566712517196 0.16995262112180956 0.06602475928473168 0.07091548219471192
0 0.46354883081155435 0.3313464771511539 0.06052269601100413 0.07580620510469206
0 0.5694635488308115 0.33868256151612414 0.06327372764786801 0.08069692801467215
0 0.6726272352132048 0.3655815375210148 0.03301237964236591 0.07091548219471193
0 0.7751031636863824 0.27999388659636254 0.03988995873452552 0.051352590554791355
0 0.8961485557083907 0.31789698914870856 0.05914718019257222 0.06847012073972185
0 0.37895460797799174 0.6847012073972184 0.05914718019257222 0.09781445819960247
