0 0.08253094910591471 0.34357328442610424 0.0687757909215956 0.11004126547455297
0 0.4470426409903714 0.15772581384685924 0.0302613480055021 0.05624331346477151
0 0.4793672627235213 0.17973406694176983 0.028885832187070193 0.051352590554791376
0 0.5323246217331499 0.22130521167660092 0.04676753782668513 0.07091548219471189
0 0.6272352132049518 0.32523307351367875 0.035763411279229655 0.06847012073972181
0 0.6657496561210453 0.36435885679351976 0.030261348005501957 0.0635793978297417
0 0.704951856946355 0.40715268225584594 0.03438789546079775 0.06602475928473168
0 0.748968363136176 0.48662692954302306 0.03988995873452552 0.0635793978297417
0 0.8314993122420908 0.5074125019104386 0.04539202200825315 0.08069692801467213
0 0.5735900962861074 0.8191960874216719 0.035763411279229655 0.08803301237964234
0 0.6176066024759286 0.8473177441540578 0.0357634112792298 0.0953690967446127
