0 0.2372764786795048 0.36069081461103464 0.03713892709766164 0.07091548219471186
0 0.13480055020632736 0.8265321717866422 0.049518569463548816 0.07825156655968214
0 0.21458046767537828 0.6883692495797036 0.038514442916093544 0.05624331346477149
0 0.3452544704264099 0.5771053033776554 0.04401650618982117 0.05379795200978144
0 0.3885832187070152 0.4597279535381324 0.045392022008253076 0.08314228946966218
0 0.5096286107290234 0.333791838606144 0.03988995873452545 0.07580620510469202
0 0.5976616231086658 0.23964542258902646 0.031636863823933936 0.058688674919761576
0 0.6313617606602476 0.1711753018493046 0.038514442916093544 0.06847012073972186
0 0.6657496561210453 0.09292373528962247 0.04401650618982117 0.08803301237964234
0 0.7317744154057771 0.03545774109735595 0.06327372764786801 0.06602475928473177
0 0.8713892709766162 0.1369402414794437 0.031636863823933936 0.06847012073972182
0 0.9291609353507565 0.223750573131591 0.04264099037138933 0.06602475928473175
0 0.9614855570839066 0.34357328442610424 0.038514442916093544 0.04646186764481122
0 0.9724896836313619 0.48662692954302317 0.04401650618982117 0.07825156655968207
0 0.9126547455295736 0.5734372611951705 0.03988995873452538 0.06602475928473175
0 0.8940852819807428 0.3912578327984106 0.04676753782668499 0.07336084364970198
0 0.8060522696011003 0.7226043099495644 0.0412654745529575 0.07091548219471193
0 0.7592847317744155 0.8583218707015132 0.04126547455295736 0.10759590401956289
0 0.5735900962861072 0.6492434662998625 0.04126547455295736 0.08069692801467226
0 0.45185694635488305 0.8081919608742167 0.04264099037138926 0.08558765092465222
0 0.8356258596973865 0.41204340516582605 0.03988995873452552 0.0855876509246523
