0 0.15199449793672629 0.05746599419226655 0.03713892709766164 0.06602475928473178
0 0.24346629986244842 0.05502063273727648 0.038514442916093544 0.046461867644811236
0 0.32806052269601105 0.1723979825767996 0.05089408528198078 0.06113403637475164
0 0.5013755158184319 0.09170105456212746 0.023383768913342422 0.07580620510469205
0 0.6182943603851444 0.12838147638697847 0.03713892709766164 0.061134036374751656
0 0.7469050894085282 0.1198227112945132 0.03301237964236591 0.0831422894696622
0 0.9621733149931225 0.06235671710224668 0.04264099037138933 0.08069692801467218
0 0.9628610729023385 0.19196087421672015 0.04126547455295736 0.08558765092465227
0 0.2530949105914718 0.3032248204187682 0.041265474552957426 0.0489072290998013
0 0.4415405777166437 0.2384227418615314 0.06052269601100413 0.05624331346477149
0 0.5275103163686383 0.23353201895155126 0.04264099037138926 0.05135259055479139
0 0.6485557083906464 0.24820418768149166 0.045392022008253076 0.05624331346477152
0 0.9779917469050894 0.46706403790310264 0.0385144429160934 0.07825156655968221
0 0.10110041265474554 0.8240868103316521 0.0481430536451169 0.07336084364970191
0 0.2372764786795048 0.7067094604921289 0.05914718019257222 0.09292373528962244
0 0.32599724896836313 0.6883692495797036 0.04676753782668499 0.05624331346477149
0 0.42916093535075656 0.6431300626623873 0.04401650618982117 0.0635793978297417
0 0.4202200825309491 0.8583218707015131 0.05089408528198078 0.12226807274950317
0 0.6024759284731774 0.6015589179275561 0.038514442916093475 0.07336084364970191
0 0.6774415405777165 0.6260125324774568 0.06464924346629985 0.06847012073972181
0 0.8211829436038515 0.6663609964847929 0.0687757909215955 0.09047837383463246
