0 0.6320495185694636 0.29588873605379795 0.045392022008253076 0.06847012073972181
0 0.5839064649243467 0.44505578480819197 0.04264099037138926 0.04401650618982117
0 0.41884456671251713 0.6455754241173772 0.03713892709766164 0.08314228946966225
0 0.4332874828060522 0.4047073208008558 0.038514442916093475 0.0758062051046921
0 0.7744154057771664 0.7690661775943757 0.0495185694635488 0.09047837383463246
0 0.5302613480055021 0.9500229252636404 0.045392022008253076 0.08069692801467213
0 0.8576341127922972 0.06113403637475164 0.03988995873452552 0.05379795200978144
0 0.9339752407152682 0.6871465688522085 0.03301237964236591 0.05868867491976161
0 0.15130674002751032 0.11982271129451323 0.0247592847317744 0.029344337459880788
0 0.052957359009628606 0.05746599419226654 0.026134800550206325 0.03178969891487085
0 0.3713892709766162 0.09170105456212746 0.019257221458046772 0.04646186764481125
