0 0.9174690508940853 0.34357328442610424 0.06877579092159558 0.11004126547455295
0 0.5529573590096286 0.15772581384685924 0.030261348005502064 0.056243313464771516
0 0.5206327372764787 0.17973406694176985 0.028885832187070193 0.05135259055479138
0 0.4676753782668502 0.22130521167660094 0.04676753782668508 0.07091548219471192
0 0.37276478679504815 0.32523307351367875 0.03576341127922966 0.06847012073972181
0 0.33425034387895475 0.36435885679351976 0.030261348005501953 0.0635793978297417
0 0.29504814305364496 0.4071526822558459 0.03438789546079779 0.06602475928473167
0 0.25103163686382407 0.48662692954302306 0.0398899587345255 0.06357939782974176
0 0.16850068775790916 0.5074125019104386 0.0453920220082531 0.0806969280146721
0 0.4264099037138926 0.8191960874216719 0.03576341127922966 0.08803301237964234
0 0.3823933975240714 0.8473177441540578 0.03576341127922977 0.09536909674461269
