0 0.36795048143053644 0.29588873605379795 0.0453920220082531 0.06847012073972181
0 0.41609353507565333 0.44505578480819197 0.04264099037138924 0.04401650618982117
0 0.5811554332874829 0.6455754241173772 0.037138927097661645 0.08314228946966229
0 0.5667125171939478 0.4047073208008558 0.038514442916093405 0.0758062051046921
0 0.22558459422283356 0.7690661775943757 0.04951856946354882 0.09047837383463242
0 0.46973865199449794 0.9500229252636404 0.0453920220082531 0.0806969280146721
0 0.14236588720770288 0.06113403637475164 0.0398899587345255 0.05379795200978145
0 0.06602475928473178 0.6871465688522085 0.03301237964236592 0.058688674919761596
0 0.8486932599724897 0.11982271129451322 0.024759284731774356 0.029344337459880784
0 0.9470426409903714 0.05746599419226654 0.02613480055020634 0.03178969891487085
0 0.6286107290233838 0.09170105456212746 0.019257221458046647 0.04646186764481125
