0 0.8480055020632737 0.057465994192266556 0.037138927097661645 0.06602475928473178
0 0.7565337001375516 0.05502063273727648 0.038514442916093516 0.046461867644811236
0 0.671939477303989 0.1723979825767996 0.050894085281980805 0.06113403637475165
0 0.4986244841815681 0.09170105456212746 0.023383768913342373 0.07580620510469205
0 0.3817056396148556 0.12838147638697847 0.037138927097661645 0.06113403637475166
0 0.25309491059147177 0.1198227112945132 0.03301237964236592 0.0831422894696622
0 0.03782668500687747 0.062356717102246675 0.04264099037138935 0.08069692801467218
0 0.03713892709766148 0.19196087421672015 0.04126547455295737 0.08558765092465226
0 0.7469050894085282 0.3032248204187682 0.04126547455295748 0.04890722909980133
0 0.5584594222833563 0.23842274186153137 0.06052269601100413 0.05624331346477146
0 0.47248968363136173 0.23353201895155126 0.04264099037138924 0.05135259055479141
0 0.35144429160935364 0.24820418768149166 0.0453920220082531 0.056243313464771516
0 0.022008253094910557 0.46706403790310264 0.038514442916093405 0.07825156655968224
0 0.8988995873452545 0.8240868103316521 0.04814305364511695 0.07336084364970186
0 0.7627235213204953 0.7067094604921289 0.059147180192572146 0.09292373528962239
0 0.6740027510316369 0.6883692495797036 0.04676753782668497 0.056243313464771516
0 0.5708390646492434 0.6431300626623873 0.044016506189821225 0.06357939782974176
0 0.5797799174690509 0.8583218707015131 0.050894085281980805 0.12226807274950313
0 0.39752407152682256 0.6015589179275561 0.038514442916093516 0.07336084364970197
0 0.3225584594222834 0.6260125324774568 0.06464924346629985 0.06847012073972181
0 0.1788170563961486 0.6663609964847929 0.06877579092159547 0.09047837383463242
