0 0.8727647867950481 0.06847012073972185 0.0453920220082531 0.04890722909980131
0 0.9559834938101788 0.22986397676906617 0.04126547455295737 0.0782515665596821
0 0.7482806052269602 0.06847012073972185 0.04951856946354871 0.0929237352896225
0 0.702200825309491 0.24820418768149166 0.05364511691884455 0.07091548219471189
0 0.5563961485557084 0.1723979825767996 0.09491059147180203 0.07091548219471192
0 0.4085281980742777 0.15405777166437415 0.06327372764786798 0.0635793978297417
0 0.11554332874828038 0.16995262112180953 0.06602475928473173 0.07091548219471192
0 0.5364511691884457 0.3313464771511539 0.06052269601100413 0.07580620510469205
0 0.43053645116918854 0.3386825615161241 0.06327372764786798 0.08069692801467215
0 0.32737276478679517 0.36558153752101485 0.03301237964236592 0.07091548219471194
0 0.22489683631361762 0.27999388659636254 0.0398899587345255 0.051352590554791355
0 0.10385144429160931 0.31789698914870856 0.05914718019257226 0.06847012073972186
0 0.6210453920220083 0.6847012073972183 0.05914718019257226 0.09781445819960244
