0 0.14580467675378267 0.3839217484334403 0.04126547455295737 0.08314228946966223
0 0.31361760660247595 0.4340516582607367 0.027510316368638266 0.06113403637475168
0 0.5089408528198074 0.299556778236283 0.024759284731774522 0.05135259055479141
0 0.5006877579092159 0.35946813388353965 0.016506189821182904 0.039125783279841064
0 0.6609353507565336 0.08925569310713738 0.028885832187070082 0.036680421824850984
0 0.8865199449793673 0.19929695858169033 0.023383768913342484 0.036680421824850984
0 0.9429160935350757 0.2567629527739569 0.023383768913342484 0.039125783279841064
0 0.8280605226960112 0.5012990982729635 0.038514442916093516 0.06357939782974176
0 0.6836313617606602 0.7042640990371389 0.04126547455295737 0.06357939782974154
0 0.6203576341127923 0.7776249426868409 0.030261348005502064 0.048907229099801386
0 0.4023383768913342 0.8534311477915331 0.03713892709766159 0.048907229099801275
