0 0.8541953232462174 0.3839217484334403 0.04126547455295737 0.08314228946966223
0 0.6863823933975242 0.4340516582607367 0.02751031636863821 0.06113403637475168
0 0.4910591471801926 0.299556778236283 0.024759284731774578 0.05135259055479141
0 0.49931224209078406 0.35946813388353965 0.016506189821182904 0.039125783279841064
0 0.3390646492434664 0.08925569310713738 0.028885832187070082 0.036680421824850984
0 0.11348005502063274 0.19929695858169033 0.023383768913342484 0.036680421824850984
0 0.05708390646492434 0.2567629527739569 0.023383768913342484 0.039125783279841064
0 0.17193947730398884 0.5012990982729635 0.038514442916093516 0.06357939782974176
0 0.31636863823933975 0.7042640990371389 0.04126547455295737 0.06357939782974154
0 0.3796423658872077 0.7776249426868409 0.030261348005502064 0.048907229099801386
0 0.5976616231086658 0.8534311477915331 0.037138927097661534 0.048907229099801275
